[relative_asa]
base_coefficient = 1.1010222416182014
base_intercept = -0.24027519696163913
ensemble_coefficient = 0.04893660861368584

[secondary_structure]
base_coefficient = -2.977290514049184
base_intercept = 2.2073978447911964
ensemble_coefficient = 0.3109665534294437

[inter_intra_chain_interaction_ratio]
base_coefficient = 5.1493227423693195
base_intercept = -2.1399764768291223
ensemble_coefficient = 1.454442020228476

[energy]
base_coefficient = 0.007912226413933833
base_intercept = -0.06505817651919114
ensemble_coefficient = -0.000347963170643407

[residue_interaction_distance]
base_coefficient = -0.397811746425098
base_intercept = 1.4182990777743754
ensemble_coefficient = 0.009598896799664755

[GLOBAL]
ensemble_intercept = -0.8958450916549814
window_size = 160
residue_interaction_distance_threshold = 4.0

